%%MatrixMarket matrix array real general
51 1
3.0868236789668571873335167765617370605468750000000000000000000000e+01
3.2326872705226401549793990852776914834976196289062500000000000000e+00
1.9826852150621371295713402105320710688829421997070312500000000000e-01
1.2782633096355423482637370113934593973681330680847167968750000000e-02
6.5324513543850003943758153468479576986283063888549804687500000000e-04
2.7057147971126588385489333821176671790453838184475898742675781250e-05
2.2960187942277208982282035026889488449342024978250265121459960938e-06
9.2747031906459359292487333939480897981866291956976056098937988281e-07
6.5866414976502947632171864819627948861580080119892954826354980469e-08
1.1715458329293894843817127465745997483281826134771108627319335938e-08
5.5262563985641219815289669828328733558464591624215245246887207031e-10
2.4638676978088135325948920718462566842310579318109375890344381332e-10
4.4000226731878547147979197047413233746804284152176478528417646885e-11
6.7202430235344760494937101577358367666958915975783384055830538273e-12
1.5910409903357025879362662311340421549682444535278591501992195845e-12
1.6189995020551390995456438013487966264686290784879929560702294111e-13
8.9198689779598602657003525866109320601674958356452904695288452785e-16
8.6737614823753052364368595713465151395391461875555849658780971367e-16
8.4029161274800741477172240227755775741026928772614557061615414568e-16
4.9494793528374169424773880289525041034106016962779150958340323996e-16
3.4753379294839648278122402016011887587580188319069662838955991901e-16
3.2561764377669538242168473530448203048460323392847282075734938189e-16
2.8997919174638493455627664944743106598290351204154358111253486641e-16
2.7245840132745143427714797202586415339506349187273515077833963005e-16
2.6307150124834864687418613470589831124157314417612296697512874744e-16
2.4492617180322486645647569152351515413623149800513567608817311338e-16
2.0938941059782696540317222140600433768792879810505952464794177104e-16
2.0894633850954959195147144470238819939708986084866276788929440045e-16
1.7562208698752482146676320902816786648289365849965465438131673181e-16
1.5084765007702036535598809863956870744415882980033610794023957169e-16
1.4874845438698921495536529954589495222909451704624422818667994761e-16
1.2952740099525803485868170583076976900264099727775463088974561288e-16
1.2935367737065336172467250999428800469056876395589766870486414518e-16
1.2827538877533239722605658580498669823339521632501319947650131326e-16
1.1412250219475647183599686888984388110945956517749272363104751093e-16
9.7295855491587959653902389299469316397887736532889418894498589907e-17
9.2490658753916538937115491637822611208194166206118108641831554451e-17
7.8286474919744353005299788609134904312042177823051380958219169770e-17
7.1522647295492709319342333592183094721966691545596284118602170565e-17
6.8062665997514630884975105866698939027920700433043482702188953226e-17
6.6114671924466373953144622627691509167002414037398599910844154692e-17
6.4416587866755935215674176638049517621363334164783648327912146669e-17
6.2697487384841638325900286287048631100992981935414449790044955080e-17
5.5596114188370069901947689415472073874436827536915650682658451842e-17
3.9424423450253495714115588220578824681425897776205005684779791864e-17
2.6755933587963459906249845785376704395251768381141718733395862273e-17
1.1861272256091594963255462294549834528880056254602787940699570868e-17
1.0141296934365359857159727539025275019073949230713743013820860028e-17
7.4890163402064272248012634371330257672139852243454322122673261219e-18
3.2407911650755310775453489019511390902267594687135784936593552175e-18
2.1218261882794519395271059661584166183335413220816456289496976240e-18
