Explained Variance Ratio:
0.988878
0.00909963
0.00148182
0.000289465
0.000151498
4.54366e-05
4.18339e-05
1.2735e-05

Scores:
7113.54, 467.515, 89.3143, -55.4691, -52.5684, 176.214, -34.985, -60.703
7832.88, -58.9278, 81.2097, -219.302, -13.9056, 101.29, -46.4896, -42.0344
8824.37, 243.392, 193.578, -214.699, 65.7981, 66.4226, -48.5027, -44.986
6659, 424.107, 541.355, -100.794, 14.9181, -5.30836, -30.5354, -9.57108
7034.72, -113.803, 694.053, -33.0665, 167.661, 97.267, 20.6374, -24.3885
6641.82, 33.8187, 985.864, -43.49, 200.374, -52.8731, 45.303, -20.1798
6566.03, 561.785, 1100.15, -291.077, 82.8835, -18.6838, 21.3502, -7.8511
4801.29, 345.419, 1076.7, -358.722, 139.765, 25.1714, -33.1344, 5.92292
9646.04, -1555.69, 660.596, -224.342, 267.826, -18.899, -36.5974, -15.8264
9378.17, -1144.33, 680.798, -203.42, 226.458, -23.294, -10.9303, 15.4927
9709.31, -1343.42, 153.494, -138.573, 330.889, -134.581, -55.8115, 13.7449
9202.62, -1411.94, 313.437, -65.7347, 214.765, -90.0535, -96.8835, -18.851
235.242, 50.2633, 81.7403, 7.88857, 60.2122, 48.6641, -11.2963, -10.0939
299.186, 40.8419, 27.6075, -0.385195, 53.9029, 17.6664, -9.25741, -6.00287
367.881, 26.3992, -7.63509, 5.73669, 18.388, -3.65184, 10.4091, -0.59094
346.201, 4.07372, -28.3091, 39.6532, 99.6214, -16.3671, 2.68731, -15.8424
400.358, -43.9573, -48.3711, -2.54762, 45.5327, -1.99814, -3.60012, -7.4721
321.358, 24.6598, -32.2624, -5.91895, 47.6638, -31.6923, 9.2662, -7.48551
283.608, 108.819, -29.5875, -4.31868, -7.31492, -2.91295, 5.85326, -6.5145
190.204, 30.2914, -27.7374, 4.63159, 5.01869, 15.2705, -7.94399, -4.17007
384.184, 65.6243, -70.4726, 5.30243, 20.9618, 24.396, -0.520033, -11.866
652.128, 233.756, -130.908, -24.537, -48.1541, -27.008, 60.6919, -21.4358
276.806, 58.7257, -54.6262, -10.2141, -3.18035, -1.2104, 3.92051, -1.22473
295.17, 24.9706, -52.3584, -11.4463, -21.7836, -6.29884, 3.82748, 0.0867576
11533.4, -116.53, -441.214, 149.256, 31.7743, -139.274, -78.0405, -39.8238
13670.5, -484.719, -617.688, 107.276, 160.514, -83.804, -175.076, -26.3166
13823.7, 55.1766, -678.16, 26.6328, -4.70806, -120.285, -65.0278, -2.1447
11868.5, 1038.08, -193.057, -224.048, -184.189, -119, -85.9643, 33.4021
12827.1, 213.847, -57.777, 22.7822, 92.0203, -98.6332, 83.7959, -16.277
11978.1, -222.744, -245.773, 40.1871, 157.57, -92.8402, 21.2943, -40.2414
11337.3, 418.424, -100.573, -111.852, -97.7328, -171.235, 10.7305, 60.0225
10376.2, 761.88, -208.051, -136.488, -28.7712, -162.025, 13.9904, 4.1299
17697.6, -1498.68, -931.391, 45.1414, 450.574, -159.988, -43.0174, 51.8943
17902.7, -2111.52, -869.307, 299.813, 272.658, 20.4206, 56.3769, 18.6668
13464.9, -1660.92, -409.302, -51.4243, 73.0742, -110.062, -110.493, 64.4186
11166.9, -1629.07, -356.936, 50.6014, 62.154, -124.119, -32.275, -63.1176
3361.26, 186.13, 28.2952, -102.51, -31.5578, -3.55273, -17.4923, 12.773
3645.91, -20.8166, -103.48, -128.289, -8.87944, 36.7685, -50.5969, 22.9445
4023.5, 58.3247, -105.87, -123.978, -25.5277, 33.7229, -4.73455, 27.7089
4206.93, -39.1797, 25.0968, -108.981, 21.6156, -10.8675, -3.92201, 56.5775
4669.24, -196.591, 69.8801, -121.551, 0.682412, -0.954323, -39.3959, 20.2763
4181.85, 153.857, 96.2382, -158.559, 30.1471, -11.3652, 31.0713, 47.7816
4102.7, -8.95381, -62.1708, -81.6103, -37.6251, 1.55607, -32.1927, 53.8467
4350.94, 306.674, -181.688, -120.673, -10.4966, 57.6532, -76.626, 21.3344
5666.88, 212.314, -274.126, -77.3806, 6.70088, 69.4968, -24.3114, 35.1962
5514.93, 143.878, -243.136, 63.2941, 79.0868, -0.670506, 98.4265, 43.8712
3503.24, -35.4395, -84.6571, -116.225, -32.1589, -18.0983, -13.693, 40.9855
3007.59, -83.9675, -100.792, -67.4039, -65.7928, 1.57397, 24.4478, -16.3871
4471.71, 410.346, 45.3027, -53.38, -15.9137, 73.2416, -64.3933, 4.22565
4250.17, 216.698, -145.924, 20.7133, 3.5704, 34.9763, -46.6107, -6.48816
4784.21, 117.508, -42.3168, -17.2592, 32.3294, 10.6055, -48.0153, 65.2028
3924.27, 222.224, 192.412, -55.415, 99.0413, -76.0668, -1.66582, 12.188
4438.55, 11.0169, 198.01, -7.78495, 78.9218, 12.2464, -25.9192, 56.6555
4065.27, 311.079, 118.113, -51.5374, -3.16028, 13.781, 73.3077, -31.8406
3348.62, 330.982, 130.939, -38.5927, 36.1796, -11.5244, 12.0121, -15.4846
2377.18, 80.9952, 324.203, -28.376, 134.147, -21.6082, -0.203215, -7.54788
4051.7, 56.5523, 83.337, 10.7577, 168.245, -27.365, 128.23, -22.2522
4949.04, -199.451, -22.9145, 20.9588, 83.9833, 78.387, 66.4763, -18.1366
4682.69, 93.2965, 271.354, -154.432, 105.512, -27.3998, -5.56721, 10.753
4146.93, 36.2083, 163.341, -32.6417, 37.6871, -37.3289, 14.4223, -37.0341
8903.25, -23.2702, -352.1, -184.961, -8.64875, 73.5299, -56.1648, -16.1074
10078.6, -404.562, -306.462, 62.9605, 93.3244, 59.1798, -136.345, 25.9153
10594.3, 395.983, -458.027, 77.5633, -93.9362, 19.3881, -25.7991, -5.93387
8483.06, 262.2, -29.3061, -26.2544, -67.5571, 31.4885, -33.3776, 86.3339
10415.4, 833.379, 331.033, -236.211, -73.9371, -22.4694, 85.5785, 4.2511
9345.52, 616.289, 17.712, -154.045, -23.7167, -30.1117, 159.614, 1.04602
8095.36, 542.715, -156.239, -226.516, -66.7882, 47.4456, 50.9804, 13.8188
7257.33, 686.959, -110.454, -206.389, 42.98, 42.1174, -45.3769, 5.6997
12401.8, 15.163, -563.447, 6.64824, 135.881, 38.3289, 27.6847, 27.4055
13635.2, -321.783, -797.824, 21.9057, 78.7383, 47.9438, 94.1759, 4.5663
9644.7, -185.203, -645.67, -108.446, -60.1602, 57.7595, 19.1157, -21.0652
8322.62, -57.4117, -333.305, -124.048, -179.329, -18.4079, 57.0788, -11.4139
11255.1, -305.695, -801.302, -208.037, -171.026, -11.3397, -7.08395, 11.3667
12616.6, -749.9, -1042.87, -161.891, -80.6657, 160.763, -197.833, -20.026
12166.1, 87.6833, -883.71, -211.411, -73.7299, 59.4419, 9.8087, -73.2071
9607.31, 1521.6, -475.192, -281.623, -284.906, -70.2262, 77.3689, 40.0365
11779.2, 944.374, -333.245, -181.691, -188.683, -0.534622, 151.403, -63.5699
11658.8, 189.644, -420.414, -156.959, 21.6429, -43.8533, -19.7318, 18.019
9567.59, -190.7, -320.658, -40.8553, -3.74937, -140.647, 123.231, -80.1978
9535.5, 1485.41, -764.818, -244.197, -181.24, -80.3975, -29.2374, -29.551
15377, 561.536, -1040.2, 35.0767, 24.1742, -103.196, 65.0476, -1.82107
14406.6, 579.372, -507.55, 94.4442, 271.585, -44.5581, 157.84, -51.6192
10147.3, -64.5575, -91.7649, -168.146, 94.9408, -75.3845, 31.1725, -18.9227
8826.84, -45.7396, -296.088, -80.5202, -125.614, -56.3927, -13.176, -19.5668
2469.81, 68.1912, -202.395, -63.3939, 102.727, 36.1845, -32.5392, -17.953
2543.47, 41.1921, -285.734, -6.95231, 55.4561, 5.9585, -10.2547, -15.3746
2625.75, 159.305, -329.138, -59.9634, 9.18356, 17.6107, -34.0676, 24.5945
2232.63, 333.97, -104.024, -53.5562, 10.897, -51.8379, 24.0404, -1.08533
3483.47, 168.97, -270.421, -68.097, 22.2537, -12.413, -38.1674, 13.1033
3198.23, -56.2863, -344.781, 27.4387, 41.5423, 62.5836, -40.5668, 20.8751
2650.8, 288.587, -334.769, -47.238, 20.7481, 23.9529, -1.66288, -8.37478
3570.82, 366.618, -415.957, -20.1477, 48.0424, 25.9816, -34.404, -39.4634
3997.12, 427.993, -310.999, -103.945, 46.6508, -8.90732, 2.31798, -18.1954
4490.4, 447.3, -331.821, -18.4915, 62.5265, -5.55453, 92.0273, -36.1284
2369.6, 64.5292, -64.716, -57.4966, 45.6093, -29.9083, 33.2492, -23.2894
2044.39, 140.147, -60.6926, -35.9429, -16.6276, -22.2749, 16.8788, -13.7919
4615.7, 134.494, -225.277, -72.1964, 64.502, -25.6599, -32.0921, -2.26258
6067.74, 149.724, -367, -62.314, 33.8214, -34.1275, -82.6349, 28.2914
4965.48, 265.218, -171.703, 47.3024, 118.67, -99.2874, -8.0756, 20.1313
4242.39, 864.439, -418.894, -25.9273, -14.8946, 6.15925, 27.5207, 35.3535
5144.44, 643.598, -543.854, -71.4473, -103.129, 39.5237, -13.7757, 52.8561
4783.05, 489.238, -525.287, 15.7268, -80.4105, -21.9894, -13.8039, 11.0332
4554.7, 733.306, -464.945, -155.932, -153.354, -4.42651, 11.3889, 6.70072
5213.95, 750.673, -458.492, -39.3404, -52.6492, 13.4376, -37.9908, -23.3198
7453.91, 1317.91, -583.242, 77.2199, 8.32683, -17.7636, 81.7078, -8.77093
6571.53, 830.001, -533.406, 158.829, 37.7064, 98.2074, 114.992, 24.5161
3992.42, 227.165, -123.696, 4.48199, 69.2688, -10.4479, 31.6473, 22.2094
3382.39, 619.893, -205.289, -6.65183, -139.139, -16.8858, 57.3909, 3.88021
21045.2, -2498.15, 438.257, 311.978, -241.866, 33.7276, -68.3575, -9.83042
23285.9, -2334.52, 351.358, 293.039, -273.802, 124.108, -202.921, -25.5098
26632.1, -2858.43, -194.492, 105.25, -9.29749, -35.1694, -206.974, -64.1884
22078, -2246.14, 994.152, 100.119, 16.2576, 8.10911, -72.7949, 44.1249
30100.5, -1882.2, 1199.77, 23.66, -117.511, 75.8675, 126.848, -59.9468
31327.4, -1221.43, 991.275, -381.561, -231.165, -128.698, 147.844, 19.1337
27042.3, -2120.03, 928.544, -311.308, -293.699, 19.6805, 24.0482, 51.9618
23319.2, 1250.63, 267.095, -112.661, -320.631, -115.018, -149.67, -15.5126
35137.3, -919.266, 14.6311, -119.747, -156.269, 261.07, 244.028, 102.349
41609.7, -3271.36, -471.73, 139.141, 146.207, 189.482, 215.426, 21.5305
24422.8, -2830.8, -77.1931, 104.062, -326.53, -40.7848, 52.2825, 12.3694
21364.7, -3211.23, 547.643, 229.461, -288.118, -106.497, 18.1979, -86.4398
2761.44, 72.6822, -224.261, 62.0796, -17.1905, 12.1638, -64.6154, -4.01596
3040.33, -16.3806, -102.94, 221.43, -4.38912, -69.1279, -33.6435, -17.7906
3335.53, 171.025, -192.467, 87.9055, 27.6308, -35.6481, -12.9093, -6.87923
2570.82, 266.764, -19.9702, 50.2414, 38.2378, -16.2196, -28.4275, 6.73661
3902.09, 147.339, -91.5628, 42.5209, -43.3254, -26.5707, -30.8282, 15.9408
3860.69, 419.705, -168.106, -8.39077, -11.2685, 36.1806, -22.9045, 22.9921
3543.93, 636.092, -230.579, -136.661, -126.014, -7.69857, -15.8478, 14.1271
4078.14, 444.001, -371.419, -97.5189, -136.546, 52.8528, -75.9891, -7.98018
4518.3, 638.245, -276.465, 2.97348, -32.1681, -22.2938, 86.6388, -5.12345
5172.98, 419.389, -137.909, -54.0029, 56.2546, 90.4669, 6.58955, 45.2153
2983.12, 8.19958, -225.048, 63.0034, -81.8059, -9.01638, -42.8576, 21.6574
2727.8, 107.243, -163.093, -1.32112, -72.9633, 46.6993, -2.14536, -35.6372
783.246, 46.029, 35.6608, -47.9647, 0.733, 17.0833, -25.7454, 2.64444
860.4, 18.2871, -46.7879, -38.4965, -21.1235, 8.7629, -20.0446, 8.71606
756.15, 143.058, -69.6659, -55.002, -39.6567, 6.10648, -13.5694, 4.84892
632.655, 160.371, -5.5843, -1.66694, -13.8987, -15.1043, -1.0906, -5.00095
1009.6, 319.825, -89.7005, -3.11956, -72.4556, -20.2264, -0.00891867, -2.00881
1079.85, -6.30779, -166.785, 14.5655, 17.0078, -27.9164, -14.4833, -7.62474
999.653, 42.4438, -100.893, 19.7913, -0.362106, -13.4388, -19.8189, 1.84434
1229.4, -138.915, -155.995, 9.07111, 29.2436, -31.7221, -23.7735, 8.88715
1446.18, 49.0605, -194.625, 84.6257, -11.6622, -25.5207, -7.0891, 22.6633
1447.52, 204.768, -118.106, 42.4055, -0.998691, -2.05678, 33.7059, -18.2038
917.896, 24.5683, -144.464, -30.8342, -17.8799, -4.01575, -1.9224, 12.6162
803.747, 153.843, -122.645, -48.8283, -10.8926, -39.6377, 13.4484, -2.32256
11907.9, 1295.18, 280.501, 67.6027, 44.7053, -56.6946, -39.5734, -58.4472
13594.8, 1987.34, 35.9273, -30.7572, -76.0919, 25.0361, -131.438, -55.219
14256.1, 1434.34, 190.095, -137.664, -47.6823, 41.2834, -176.247, -36.038
11144.5, 2134.95, 444.356, 45.2199, 98.7893, 177.081, -41.0634, -57.1797
15980.2, 1183.5, -59.6207, 27.079, 219.629, 43.2339, -138.776, -52.5982
13717.1, 2163.53, -342.97, -388.558, -83.9939, -24.1484, 43.4978, 33.3919
13695.5, 1122.32, -44.4643, -386.471, 196.816, -162.82, -42.7219, -14.9503
13539.4, 1858.14, -101.29, -376.809, 128.153, 78.5043, -127.119, -44.3494
18668.8, 1315.05, -392.915, 27.3779, 375.411, 210.943, 65.0484, -96.2823
21997.7, 246.696, -446.613, 213.923, 439.512, 6.12414, -86.4484, 69.8008
12089.9, 1117.35, -91.0412, -47.3592, 72.615, -75.8341, 25.4864, -60.3255
10422.4, 393.437, 186.651, 84.3588, 108.185, -73.4151, 42.1539, -144.022
8592.99, 1223.84, 1150.98, -165.205, 338.553, -137.44, 34.027, -19.3744
10053.8, 977.057, 891.679, -95.606, 86.2431, 26.9771, -58.8032, 37.9791
11007.2, 1767.13, 862.145, -131.983, 104.472, 11.8727, -71.1397, 41.0034
9053.57, 1861.4, 339.079, 78.7963, 196.408, 112.045, -36.8411, 8.19976
11170.6, 1057.25, -212.097, -84.2833, 60.466, 78.5989, -34.8086, 61.9554
9770.57, 1007.22, 132.523, 32.2067, 0.868973, 13.756, -44.5242, 145.886
9329.7, 1177.18, -113.704, -189.571, 65.3708, -109.888, 20.1084, 71.1618
8705.55, 1631.69, -3.13639, -311.706, -146.894, 49.3357, -36.6361, -16.6389
11477.6, 1254.62, 143.357, 77.5483, 260.755, 129.669, 41.5723, -10.0695
12959.5, 1157.46, 401.943, 199.427, 228.275, -117.723, 62.0197, 95.707
9028.36, 1433.47, 508.057, -272.56, -104.849, -76.0759, -14.0484, 20.1144
8474, 981.048, 395.402, -381.785, -33.4251, 74.5027, -7.77393, -29.5368
1092.84, 363.099, -15.356, 69.5997, -64.1419, -58.8965, 8.27295, -4.5274
1224.59, 179.432, 50.5351, 111.494, -33.3047, -1.75494, -13.3965, 1.13816
1490.21, 318.333, 32.2288, 32.6649, -92.6332, -15.5906, -8.25394, -2.92875
1273.74, 204.947, 61.9256, 47.5018, 8.26445, 22.3098, -19.4348, -7.02569
1774.41, 327.009, -36.972, 54.4076, -58.1323, 22.592, -30.0445, -6.97854
1528.81, 211.31, -24.2558, 71.2597, -40.5192, -59.5007, -3.0402, -3.86471
1830.07, 719.612, -7.06607, -8.56312, -101.428, -65.5443, 22.1135, -7.96074
1631.41, 411.124, -6.06667, 30.5673, -77.0536, 27.2827, -28.3189, -14.0163
1977.95, 427.266, -215.906, 53.9309, -64.1676, -31.3124, 58.38, -12.2096
2053.66, 90.9766, -192.795, 159.335, -13.7328, -47.0885, 0.673022, 23.9087
1275.69, 90.7059, -81.1678, 91.5004, -62.1385, -24.9164, -4.82278, 5.98519
939.626, 107.72, 31.0096, 2.5298, -15.1661, 5.73585, 5.65256, -2.83657
3781.68, 430.912, -33.8515, -22.0915, 64.5741, 12.1257, -22.5175, -36.199
4069.61, 791.199, -90.8897, -8.03271, 138.159, -41.6091, -4.18313, -2.74672
4782.53, 744.024, 14.6971, -70.3754, -36.3956, 38.4743, -83.9733, -4.86475
3687.02, 1052.78, 310.135, -140.856, 82.5112, 107.813, -2.83966, -27.2493
5468.92, 1030.85, -25.8665, -19.8984, -113.039, 73.9624, -1.09255, -8.83809
4839.45, 416.063, -125.302, 49.3483, 0.150379, -5.41581, -9.31164, 12.515
4271.92, 763.489, -158.081, -167.494, -42.5472, -24.517, -17.3508, -0.820928
3106.95, 737.464, -20.6067, -171.313, -39.5383, -40.5394, -11.1659, -9.68801
6254.59, 388.471, -340.677, 178.394, 61.8078, 99.2543, -54.9083, 8.74339
6748.38, 945.057, -183.404, 65.0155, 51.0357, 90.8207, 51.1651, 21.7015
4507.56, 877.291, -224.132, 19.8041, -168.864, 10.4911, 25.7231, 5.97162
4142.32, 456.888, -161.664, -35.361, -134.972, 74.8644, 11.7703, -37.8171
8805.63, 1424.77, 362.232, 455.261, -134.397, -25.7884, 32.4135, -27.5708
9608.98, 1236.27, 422.834, 452.16, 47.6477, 13.5094, -105.931, 24.2923
10832.3, 1451.54, 193.007, 745.692, -233.834, -8.43297, -69.1357, -19.1494
8171.74, 1785.35, 250.115, 572.659, 27.0571, -50.3084, 14.6355, 2.13158
12694.7, 1637.75, 23.146, 618.399, -150.869, -121.175, 45.962, 27.0741
11239.4, 1481.05, 225.552, 423.58, 7.28737, -42.7655, -3.64917, 25.0114
10677.7, 1186.57, 266.53, 266.919, -115.951, -25.2239, -94.1492, 26.7483
7494.31, 1909.69, 553.056, -194.012, -74.5298, -54.72, 43.5209, -57.1488
11731.6, 1609.35, 248.52, 420.478, 111.557, 16.4121, 102.736, -10.365
14342.6, 2244.13, 350.429, 357.645, 2.24958, 84.0337, 83.6794, 99.0351
9754.67, 1229.15, 192.793, 350.68, -113.894, -30.2734, -59.361, 47.2945
7305.79, 703.037, 433.851, 293.226, -40.3555, 63.9121, 16.7457, -13.8278
3798.57, 623.086, 232.163, 183.497, -126.923, -49.2808, 0.250533, 0.373031
3547.63, 284.321, 511.134, 102.91, 41.2218, -1.10535, -49.3445, 39.1425
4276.13, 621.825, 500.816, 74.9713, -51.3727, 18.5232, -48.4539, 12.3549
3659.97, 736.883, 184.081, 105.558, -43.382, -17.0637, -12.3667, 22.7993
4557.16, 1000.54, -107.667, 100.724, -77.2611, -16.8627, 11.1981, -25.5095
4504.33, 1104.36, 164.564, 175.714, -122.825, -7.94484, 0.185386, -19.1927
4313.93, 674.518, 106.833, 83.4493, -93.8817, -70.4663, -21.2766, 0.377974
3519.28, 1217.26, 421.92, -19.3268, -195.675, -50.3615, 21.6844, -23.5618
5086.79, 857.895, -63.9146, 308.554, -28.6393, 6.85754, 20.7909, -68.4305
5830.33, 1316.74, -106.437, 366.552, 70.1346, -4.88944, 50.7448, -21.428
3582.05, 467.678, 157.557, 209.402, -53.4546, 52.0541, -32.4384, -7.29818
3722.62, 251.623, 448.057, 108.227, 30.0857, -37.1219, -3.44753, -12.5609
637.317, 14.3486, -53.5707, 5.40862, 4.81184, 16.5566, -3.17367, 1.78113
701.564, 57.7339, -58.4485, 11.0853, -2.03606, -1.21429, 12.1329, -9.4059
1033.65, 220.974, -149.33, -25.8042, -61.7938, 12.5021, 0.741192, -3.0009
690.451, 167.908, -76.0756, 1.87241, -5.42806, 24.4665, -0.0708736, -6.30216
762.155, 87.7676, -112.559, 151.87, -48.4712, -10.2368, 16.3596, 4.26274
857.327, 138.656, -83.0076, 115.826, -26.1236, -19.9454, 14.8865, -15.7187
743.757, -15.5595, -59.2871, 117.247, 24.0123, -36.9305, 17.9401, -15.3191
717.691, 161.048, -77.7473, 73.943, -42.9434, -9.96157, -6.27238, -8.48807
1295.73, 65.6114, -184.041, -7.84418, -29.5231, -11.5641, 9.52817, -11.7925
1343.02, 91.2858, -124.925, -15.6522, 12.1418, -26.4617, 77.3152, -24.6346
1006.07, 290.767, -99.9592, -12.2388, -61.7166, -45.6608, 25.7522, -10.6093
633.045, 89.2216, -79.7863, 6.36629, -31.5561, 4.0242, 13.5813, -15.2538
1138.57, 37.8219, -98.2748, -2.14701, 31.0368, 10.4681, -8.69586, -11.2683
1233.44, 94.0368, -141.358, -44.3728, 12.9251, -9.86894, -3.81656, -5.86794
1447.13, 167.548, -124.206, -18.7672, -15.6056, 19.9855, -24.4659, -6.66899
1057.41, 169.003, 6.58271, -57.624, 28.4534, 5.79173, -7.54204, -0.965194
1368.13, 113.32, 85.5989, -36.5639, 61.573, 30.8216, -23.1306, -12.2545
1341.34, 98.7947, 11.1194, -14.5106, 56.5674, -31.7857, 18.0883, 6.69535
1119.1, 180.096, 10.0927, -17.9073, -0.982714, 20.7029, -7.67452, 3.46551
820.934, 60.5632, 15.2872, 7.06819, 29.4209, -18.2916, -10.1909, -2.19002
1234.65, 212.632, 98.5756, 52.5934, 45.0739, -12.8262, 12.9212, -7.41764
1746.04, 279.11, -128.164, 2.11246, 3.59761, 19.4716, 64.7926, 15.772
1240.8, 133.595, -69.0982, -0.358201, -55.5719, -11.7162, 8.23252, 7.00464
1146.32, 352.397, 35.8787, -16.1853, -42.0936, -17.6887, 4.25286, -10.4395
